215
203
220
171
158
102
124
201
186
185
145
139
78
132
235
183
284
177
166
78
146
248
203
248
140
176
65
107
205
196
234
194
211
78
144
269
195
193
59
88
97
162
218
220
171
163
191
80
146
226
187
276
149
170
76
116
181
136
211
141
170
100
148
247
226
250
236
182
95
212
256
258
339
186
207
161
260
385
389
206
222
188
197
331
429
461
360
263
309
258
292
472
462
367
250
266
131
239
295
260
366
238
237
168
188
290
293
286
165
143
118
206
206
243
224
75
106
102
111
131
124
107
67
54
58
60
57
54
48
55
31
29
34
39
35
41
16
27
48
47
24
25
22
18
12
13
14
26
20
28
12
34
13
5
14
21
15
11
10
8
14
2
3
11
5
5
10
5
14
9
30
10
27
15
22
36
39
23
37
57
87
93
154
165
59
47
113
41
82
119
170
134
123
123
101
109
186
206
151
127
159
100
174
198
199
183
156
87
85
141
118
92
98
67
78
12
72
64
40
46
41
18
16
3
7
11
7
9
12
0
3
10
2
2
6
3
0
0
6
6
8
4
1
0
2
1
0
1
3
0
3
0
1
3
0
3
3
0
5
8
2
1
0
0
0
0
0
0
0
0
0
0
0
0
0
1
0
0
0
0
1
1